 10.4 192.6 0.792269 22.245378 -9.478908 
 100.1 349.9 0.196614 20.595179 -7.681483 
 100.5 330.2 0.459116 18.600208 -7.702528 
 100.6 87.7 0.056216 20.490292 -7.681784 
 100.7 175.3 0.272480 17.441380 -7.720014 
 100.8 124.3 0.263188 20.622835 -7.676070 
 100.8 83.8 0.143462 19.529541 -7.692758 
 100.8 87.4 0.426163 18.506731 -7.703088 
 100.9 99.2 0.349717 20.071356 -7.682353 
 101.0 141.7 0.074128 21.041153 -7.672299 
 101.0 296.3 0.300373 20.247406 -7.680194 
 101.3 134.0 0.269069 20.943689 -7.669812 
 101.3 272.9 0.142557 20.915606 -7.671762 
 101.3 34.2 0.391229 18.241457 -7.704915 
 101.5 240.8 0.340928 19.804119 -7.683466 
 101.7 121.1 0.114479 20.350891 -7.678086 
 101.8 205.8 0.364095 18.547678 -7.699012 
 101.8 344.5 0.129463 19.966080 -7.682763 
 102.2 290.7 0.194832 19.319548 -7.689095 
 102.3 41.3 0.234882 20.339136 -7.674258 
 102.5 204.9 0.277044 20.312168 -7.673453 
 102.7 257.2 0.237298 21.360733 -7.659002 
 102.8 238.7 0.043590 20.276226 -7.676086 
 102.9 115.2 0.254166 19.770870 -7.679951 
 102.9 286.0 0.359811 18.609079 -7.694321 
 103.2 291.0 0.378490 19.762650 -7.677685 
 103.2 67.7 0.291426 20.454365 -7.669222 
 103.4 345.9 0.411038 18.418116 -7.694983 
 103.7 116.6 0.519333 18.992317 -7.685136 
 103.8 336.8 0.178858 19.755192 -7.679087 
 103.9 111.2 0.279044 19.216913 -7.684856 
 103.9 219.8 0.294181 19.565117 -7.679935 
 104.0 245.9 0.289705 20.128544 -7.672168 
 104.0 86.5 0.205346 21.851454 -7.649838 
 104.1 54.2 0.210538 19.760960 -7.678112 
 104.2 301.1 0.264573 19.232052 -7.684360 
 104.3 146.8 0.271018 20.042795 -7.673176 
 104.6 196.0 0.350942 17.528435 -7.706005 
 104.6 232.3 0.375289 19.141026 -7.683683 
 104.6 30.0 0.207170 17.722275 -7.705322 
 104.6 4.8 0.164669 19.649208 -7.679644 
 104.9 216.0 0.111996 20.761705 -7.665008 
 104.9 95.2 0.453172 18.765341 -7.687477 
 105.0 359.4 0.358389 19.490810 -7.678937 
 105.2 283.2 0.197535 20.177999 -7.671709 
 105.2 285.1 0.267465 19.946596 -7.673912 
 105.4 3.3 0.130417 18.732788 -7.692262 
 105.6 189.7 0.529251 18.510603 -7.689905 
 105.7 14.3 0.336325 19.790497 -7.675198 
 105.7 206.8 0.332239 19.390785 -7.680719 
 105.8 179.2 0.110028 20.881346 -7.663484 
 105.8 99.1 0.251613 20.107956 -7.672055 
 106.0 103.4 0.305853 20.306660 -7.668837 
 106.2 332.7 0.346693 18.646729 -7.691112 
 106.4 209.9 0.154363 20.892185 -7.663387 
 106.6 146.4 0.265272 20.205051 -7.671429 
 106.6 272.5 0.378728 18.833378 -7.688698 
 106.7 27.9 0.229920 20.610800 -7.666666 
 106.8 71.6 0.137806 21.271074 -7.659120 
 107.0 220.9 0.250849 20.199495 -7.672595 
 107.2 283.8 0.195282 19.852262 -7.678677 
 107.3 7.4 0.418891 19.666113 -7.678315 
 107.9 329.4 0.161782 19.969870 -7.679841 
 108.0 200.5 0.262202 19.948475 -7.679075 
 108.1 1.6 0.217252 19.225668 -7.689870 
 108.1 179.8 0.304567 21.357103 -7.659575 
 108.1 204.0 0.377199 18.630840 -7.695684 
 108.1 63.0 0.134852 21.441961 -7.660802 
 108.6 352.8 0.228263 21.594208 -7.659794 
 108.8 355.3 0.174032 20.225239 -7.680171 
 108.9 169.0 0.162022 18.982044 -7.697708 
 108.9 294.6 0.047377 20.690592 -7.675911 
 109.0 302.7 0.239321 19.801775 -7.685947 
 109.1 356.1 0.312044 19.039738 -7.696174 
 109.2 96.3 0.168813 21.015705 -7.671429 
 109.3 273.2 0.503284 17.037668 -7.721951 
 109.3 331.9 0.132049 21.581573 -7.664748 
 109.4 222.2 0.193278 17.030043 -7.726707 
 109.7 151.0 0.266148 19.580757 -7.693280 
 11.1 239.6 0.122139 19.668001 -9.205891 
 11.3 43.8 0.279220 19.078831 -9.212070 
 11.5 108.1 0.119546 22.777039 -9.164245 
 11.6 273.6 0.307966 18.870953 -9.215217 
 110.0 33.8 0.086943 19.679169 -7.695857 
 110.1 343.2 0.351965 21.026817 -7.675123 
 110.3 191.5 0.130322 19.170841 -7.704490 
 110.6 336.1 0.324916 19.123819 -7.705226 
 110.9 24.5 0.215194 19.291754 -7.706453 
 111.0 122.0 0.316115 19.508045 -7.703657 
 111.2 195.2 0.179007 21.671984 -7.677659 
 111.4 328.7 0.329287 19.314783 -7.709820 
 111.5 119.1 0.318739 18.446476 -7.722572 
 111.7 175.7 0.213259 19.620934 -7.710291 
 111.7 257.8 0.104828 20.418913 -7.701066 
 111.8 144.6 0.288489 18.334354 -7.727004 
 111.9 135.2 0.291498 20.846087 -7.694138 
 111.9 188.7 0.118799 18.161430 -7.732927 
 112.0 125.4 0.314955 18.217216 -7.730862 
 112.0 213.5 0.227437 20.585119 -7.699490 
 112.3 111.5 0.275694 19.999119 -7.710570 
 112.3 124.7 0.185247 19.824865 -7.713561 
 112.6 174.0 0.262996 18.614098 -7.732886 
 112.7 238.2 0.114906 19.482544 -7.724053 
 112.7 317.5 0.152331 20.436977 -7.711291 
 112.7 52.2 0.535887 18.699354 -7.729210 
 112.8 162.7 0.213395 20.867277 -7.705325 
 112.8 235.3 0.226151 19.737665 -7.720412 
 112.9 140.4 0.283949 19.526169 -7.724549 
 113.0 2.8 0.289712 18.278725 -7.741717 
 113.2 305.2 0.434276 19.707813 -7.723584 
 113.2 89.6 0.245912 20.004971 -7.722137 
 113.3 63.9 -0.052061 20.737406 -7.717801 
 113.3 76.1 0.235347 19.549414 -7.729774 
 113.6 260.6 0.262352 19.086233 -7.739111 
 113.7 20.0 0.253779 19.490374 -7.735859 
 113.9 19.8 0.161775 19.002306 -7.746428 
 113.9 27.2 0.236326 20.300381 -7.727973 
 113.9 322.1 0.196829 21.657434 -7.709385 
 113.9 4.3 0.249249 19.801273 -7.734024 
 113.9 58.1 0.233828 20.422817 -7.726278 
 114.0 198.0 0.150141 20.168526 -7.731263 
 114.0 204.9 0.243920 20.083603 -7.732496 
 114.2 177.3 -0.030017 20.111605 -7.738476 
 114.3 248.4 -0.011734 21.803957 -7.715652 
 114.3 280.1 0.254796 19.702044 -7.741375 
 114.3 69.6 0.318756 20.713490 -7.726425 
 114.4 104.5 0.353658 18.797581 -7.753427 
 114.4 307.0 0.268997 20.429228 -7.732634 
 114.6 278.2 0.338955 18.852097 -7.755828 
 114.7 245.7 0.278751 19.509098 -7.749586 
 114.7 67.0 0.215645 20.601662 -7.735227 
 115.2 302.1 0.206754 19.789343 -7.754611 
 115.3 264.7 0.158417 19.099094 -7.766866 
 115.4 199.7 0.396200 18.162672 -7.778635 
 116.0 42.2 0.042686 19.932421 -7.770730 
 116.4 82.0 0.226435 18.908775 -7.787947 
 116.7 239.7 0.192162 19.272804 -7.789444 
 116.8 153.4 0.357329 19.945478 -7.781693 
 116.8 350.3 0.319010 18.307562 -7.804027 
 117.1 124.4 0.323048 20.605871 -7.778389 
 117.3 328.5 0.358138 19.571043 -7.795444 
 118.0 160.6 0.473169 20.371601 -7.800142 
 118.2 105.6 0.264769 18.422457 -7.833579 
 118.7 107.1 0.264221 19.637848 -7.828753 
 118.8 274.1 0.182994 19.352036 -7.836113 
 118.9 166.3 0.227550 20.051413 -7.827646 
 119.3 136.4 0.283067 19.292652 -7.848077 
 119.4 16.6 0.321480 20.261610 -7.837033 
 119.5 347.7 0.147755 21.291796 -7.826427 
 119.5 82.4 0.396747 17.199100 -7.879055 
 119.8 146.7 0.273670 19.916632 -7.852378 
 119.8 234.4 0.247835 19.976896 -7.853126 
 119.9 127.7 0.295729 19.211802 -7.864358 
 119.9 152.4 0.285857 18.244398 -7.877877 
 12.2 145.5 0.174990 21.865183 -9.177198 
 12.3 117.1 0.274393 20.134102 -9.199630 
 12.3 184.1 0.193788 20.061449 -9.201612 
 12.3 287.0 0.253528 21.442371 -9.182016 
 12.7 51.2 0.369411 18.210556 -9.225155 
 120.2 352.4 0.315830 20.580467 -7.853849 
 120.2 9.7 0.011312 20.840765 -7.854792 
 120.7 19.1 0.193094 20.727667 -7.865854 
 120.7 320.5 0.412152 19.057522 -7.886836 
 120.8 93.5 0.215968 20.012270 -7.879157 
 121.0 116.3 0.068120 19.616587 -7.891966 
 121.0 239.6 0.326783 19.006096 -7.898338 
 121.1 329.1 0.369328 18.876673 -7.901067 
 121.2 118.3 0.399959 18.565256 -7.907394 
 121.3 102.4 0.375138 19.546148 -7.896345 
 121.4 227.3 0.239343 20.485899 -7.890058 
 121.6 220.4 0.230128 21.285696 -7.884348 
 121.7 196.7 0.164774 18.450365 -7.928831 
 121.7 45.1 0.505524 19.361748 -7.910223 
 121.8 61.0 0.228098 19.246046 -7.917799 
 122.1 102.7 0.196609 20.758009 -7.908020 
 122.2 127.3 0.308548 19.140797 -7.931312 
 122.3 319.7 0.069941 20.807705 -7.914457 
 122.4 130.9 0.265951 19.388828 -7.935650 
 122.4 332.3 0.262865 19.296339 -7.936475 
 122.8 351.8 0.075077 21.250086 -7.923483 
 122.9 183.9 0.262156 20.854755 -7.929408 
 123.1 95.7 0.192687 19.095428 -7.961687 
 123.2 312.1 0.241855 19.632015 -7.956410 
 123.3 124.6 0.130133 21.182764 -7.942274 
 123.5 287.9 0.442009 18.576824 -7.980599 
 123.6 149.2 0.224273 18.999258 -7.979506 
 123.7 203.0 0.177289 18.865215 -7.983743 
 123.8 42.4 0.231881 17.456686 -8.008300 
 124.0 339.2 0.114817 20.359358 -7.974467 
 124.3 23.7 0.370383 18.575851 -8.008398 
 124.6 191.9 0.195871 20.279989 -7.995410 
 125.1 299.4 0.094033 21.138493 -8.004759 
 125.2 221.7 0.328641 18.668518 -8.037635 
 125.3 86.5 0.258731 19.579178 -8.031048 
 125.5 116.0 0.251797 18.751242 -8.050804 
 125.7 273.3 0.119279 20.608221 -8.031862 
 125.7 33.3 0.098445 21.089588 -8.026492 
 125.9 224.0 0.258448 17.849663 -8.076513 
 126.0 320.5 0.097176 19.727135 -8.058018 
 126.0 335.8 0.384500 20.211489 -8.048205 
 126.1 171.4 0.103173 21.592010 -8.036184 
 126.9 97.5 0.305970 19.699167 -8.090276 
 127.1 128.3 0.096871 19.437675 -8.104410 
 127.1 78.3 0.311887 18.999161 -8.106760 
 127.2 64.9 0.413594 18.596668 -8.115429 
 127.4 144.9 0.216709 20.068748 -8.105496 
 127.6 71.7 0.293743 19.158138 -8.123639 
 127.7 311.0 0.150817 18.567595 -8.140126 
 127.8 301.6 0.244065 20.111521 -8.119698 
 127.8 50.8 0.236982 19.265385 -8.131119 
 128.0 182.2 0.232155 19.308716 -8.140663 
 128.0 276.8 0.337140 18.492163 -8.148394 
 128.0 69.0 0.898846 19.394642 -8.425243 
 128.1 11.1 0.185781 20.320814 -8.131812 
 128.2 339.7 0.376142 18.447805 -8.156828 
 128.3 270.8 0.130800 21.462175 -8.125348 
 128.3 290.3 0.389377 19.164726 -8.149951 
 128.6 185.6 0.124330 22.209953 -8.123813 
 128.7 71.6 0.463111 18.951187 -8.168255 
 128.8 24.4 0.135618 18.838051 -8.180043 
 129.6 147.3 0.101633 19.914146 -8.199737 
 129.6 303.1 0.266855 18.791103 -8.214326 
 129.8 177.3 0.293288 20.733868 -8.195494 
 129.9 321.6 0.199263 20.783926 -8.200222 
 13.3 158.9 0.328049 20.091921 -9.200896 
 13.5 22.9 0.284781 19.034325 -9.216060 
 13.6 300.7 0.456545 19.426073 -9.208490 
 13.7 216.4 0.184954 20.214268 -9.201545 
 13.9 342.7 0.333410 18.331436 -9.225390 
 130.2 170.4 0.368702 18.598980 -8.238153 
 130.5 297.7 0.221007 18.629873 -8.252415 
 130.6 198.4 0.362297 18.336813 -8.259397 
 130.6 220.1 0.164967 21.055933 -8.225064 
 130.7 222.0 0.101804 20.403692 -8.240730 
 130.8 187.4 0.429621 18.742493 -8.261239 
 131.3 205.9 0.106342 20.311075 -8.267480 
 131.5 60.1 0.150247 20.536373 -8.274423 
 132.0 202.4 0.071955 22.402674 -8.269810 
 132.0 292.7 0.350275 20.949612 -8.287645 
 132.2 346.9 0.305988 20.201212 -8.304636 
 132.5 57.7 0.095164 20.264103 -8.322065 
 132.8 72.6 0.416068 18.248358 -8.359306 
 132.9 12.2 0.480251 18.183294 -8.364650 
 132.9 33.9 0.261217 19.867090 -8.341815 
 133.0 244.2 0.403282 20.095942 -8.343547 
 133.0 274.3 0.110750 20.261950 -8.344337 
 133.1 131.2 0.305194 20.648514 -8.342586 
 133.3 105.3 0.211519 19.675230 -8.365647 
 133.4 125.3 0.037366 21.053762 -8.355241 
 133.6 169.3 0.255554 19.488689 -8.382319 
 133.6 294.7 0.217386 20.636641 -8.365144 
 133.7 96.5 0.161057 21.774691 -8.353536 
 133.8 190.0 0.192131 21.634468 -8.363284 
 134.0 221.9 0.153297 19.082016 -8.405320 
 134.2 35.6 0.389489 18.908401 -8.413192 
 134.3 274.2 0.122100 18.293161 -8.432664 
 134.7 168.1 0.178944 21.648462 -8.405544 
 135.0 307.1 0.060517 22.201456 -8.413740 
 135.1 314.7 0.378915 20.218971 -8.441253 
 135.2 253.4 0.315043 19.437645 -8.453076 
 135.2 297.5 0.392438 18.906382 -8.459910 
 135.2 59.9 0.221618 22.296206 -8.419377 
 136.0 186.1 0.220329 20.921038 -8.472155 
 136.4 59.3 0.265691 19.763237 -8.505587 
 136.8 352.0 0.222806 20.117737 -8.521700 
 136.9 153.7 0.288009 18.810478 -8.542525 
 137.1 5.2 0.219961 19.651180 -8.541956 
 137.2 159.7 0.293729 19.148024 -8.551905 
 137.8 200.4 0.164284 21.372658 -8.550917 
 138.4 192.9 0.352664 20.677479 -8.589557 
 138.4 199.8 0.215817 20.601324 -8.589753 
 138.6 258.4 0.402076 19.092932 -8.617463 
 139.2 317.8 0.232349 21.104954 -8.619159 
 139.2 357.2 0.259826 19.487991 -8.640923 
 139.4 42.0 0.222169 20.027571 -8.645763 
 139.9 272.6 0.038275 19.896120 -8.672691 
 14.0 253.5 0.225210 20.178579 -9.201856 
 14.2 350.0 0.125344 20.385366 -9.200531 
 14.3 347.8 0.526887 20.631248 -9.191813 
 14.5 311.0 0.244761 19.454889 -9.211774 
 140.3 62.0 0.242579 20.727255 -8.676051 
 140.4 270.5 0.168983 19.859707 -8.695245 
 140.6 141.6 0.409955 19.364765 -8.706156 
 141.0 159.5 0.033701 22.510061 -8.687304 
 141.0 269.3 0.277180 19.004202 -8.731784 
 141.3 139.3 0.232606 20.170488 -8.732693 
 141.3 29.5 0.350947 19.319559 -8.738922 
 142.4 115.9 0.264617 20.504156 -8.775503 
 142.5 99.7 0.198006 19.558624 -8.794599 
 142.7 193.6 0.452511 18.603834 -8.814092 
 143.2 69.5 0.258841 19.715303 -8.822282 
 143.5 228.8 0.412024 19.229620 -8.842464 
 143.7 157.2 0.278636 20.801058 -8.829190 
 143.9 17.7 0.242261 20.821918 -8.840322 
 144.2 121.7 0.045808 22.542013 -8.833057 
 144.2 288.1 0.154960 21.146574 -8.847811 
 144.6 3.5 0.094289 20.661076 -8.872232 
 144.9 133.5 0.139599 20.748400 -8.882798 
 145.2 260.3 0.090779 20.458483 -8.902707 
 145.3 86.5 0.180842 20.329269 -8.906411 
 145.9 224.0 0.265591 21.060640 -8.918573 
 145.9 83.7 0.478492 18.879148 -8.946144 
 146.1 351.9 0.486558 19.892879 -8.941076 
 146.8 212.0 0.539559 19.094122 -8.981778 
 146.8 271.2 0.341434 19.444183 -8.978188 
 147.1 182.1 0.359592 18.629456 -9.003047 
 147.1 265.5 0.258996 21.290707 -8.968046 
 147.2 155.6 0.159839 21.981373 -8.960268 
 147.2 63.2 0.445460 18.681908 -9.004741 
 147.5 219.3 0.201163 20.992579 -8.986911 
 147.5 310.5 0.312490 19.050705 -9.013436 
 147.7 166.6 0.167700 19.529184 -9.013464 
 147.9 271.2 0.354964 20.339327 -9.010704 
 147.9 278.0 0.254966 19.810207 -9.017612 
 148.2 24.8 0.454947 18.237896 -9.050063 
 148.5 166.2 0.361913 18.695986 -9.053907 
 148.6 346.1 0.154273 20.314953 -9.040887 
 149.0 113.8 0.218393 19.270918 -9.068317 
 149.2 164.5 0.163970 18.955957 -9.078938 
 149.4 49.2 0.360429 20.238815 -9.067238 
 149.6 246.4 0.488664 18.355526 -9.100842 
 149.7 315.4 0.319010 19.447199 -9.089163 
 15.0 353.5 0.194245 21.272387 -9.188003 
 15.2 286.1 0.249139 21.438179 -9.185036 
 15.4 322.1 0.268492 20.116570 -9.202827 
 15.9 208.0 0.291469 18.733063 -9.221313 
 150.2 115.6 0.188827 21.070284 -9.087731 
 150.3 52.8 0.262710 19.321402 -9.114942 
 151.1 67.6 0.309997 20.243275 -9.128389 
 151.3 166.8 0.401718 19.595823 -9.142858 
 151.4 100.8 0.191155 20.166594 -9.142120 
 151.9 173.7 0.209672 21.181559 -9.145810 
 152.0 268.6 0.087516 21.352577 -9.148391 
 152.7 117.3 0.208576 20.724768 -9.177323 
 152.7 159.4 0.364335 19.485010 -9.190384 
 152.8 160.6 0.080371 20.013487 -9.190728 
 152.8 173.6 0.180252 22.329975 -9.156961 
 153.0 27.9 0.239799 19.313082 -9.205711 
 153.3 74.6 0.378122 18.654119 -9.220071 
 153.7 258.8 0.375041 19.253607 -9.224707 
 153.8 170.4 0.094440 19.830677 -9.225127 
 153.8 53.7 0.058989 21.347324 -9.204161 
 153.9 240.6 0.432120 17.578337 -9.251945 
 155.4 76.9 0.166834 21.215334 -9.251368 
 155.5 272.4 0.230986 19.281443 -9.277439 
 155.7 337.6 0.397296 18.815668 -9.287916 
 155.8 297.7 0.393229 18.279516 -9.297499 
 156.0 296.0 0.129795 21.388195 -9.263227 
 156.0 83.2 0.311276 21.320026 -9.261824 
 156.5 86.1 0.251660 21.064713 -9.279828 
 156.7 261.9 0.259683 19.884539 -9.301522 
 157.3 250.1 0.382021 20.428808 -9.305958 
 157.4 237.5 0.590212 17.822384 -9.342625 
 157.5 33.8 0.245487 20.312178 -9.315098 
 157.7 101.3 0.308132 20.008127 -9.323015 
 158.6 66.1 0.330167 20.544874 -9.335019 
 158.7 300.9 0.176458 20.114710 -9.347093 
 158.9 116.5 0.149447 20.495319 -9.345819 
 159.0 220.8 0.238360 20.024256 -9.352205 
 159.3 56.6 0.273096 19.726166 -9.363723 
 159.8 68.2 0.285504 19.197767 -9.380761 
 16.5 240.4 0.172656 19.804712 -9.208101 
 160.0 119.4 0.563090 18.957352 -9.383824 
 160.0 211.6 0.359994 17.798145 -9.401812 
 160.7 124.5 0.170978 21.648037 -9.366803 
 161.0 341.8 0.452551 20.106226 -9.388454 
 161.3 174.7 0.248346 20.003748 -9.397610 
 161.7 278.6 -0.039119 21.306469 -9.391733 
 162.1 58.8 0.107514 20.819292 -9.402189 
 162.6 61.9 0.402545 18.251795 -9.442493 
 163.5 91.4 0.292163 19.022161 -9.446193 
 163.6 188.9 0.274364 20.801752 -9.424753 
 163.8 344.7 0.285833 19.795166 -9.440461 
 165.7 101.2 0.146012 20.663370 -9.455915 
 166.0 334.4 0.398261 20.414248 -9.459460 
 166.4 93.1 0.292415 20.421452 -9.464637 
 166.6 59.3 0.122265 20.209208 -9.471704 
 167.6 175.9 0.311490 20.872917 -9.471200 
 167.8 316.2 0.389074 20.571453 -9.475516 
 168.9 97.9 0.420143 18.973644 -9.506561 
 169.0 331.6 0.091488 21.942793 -9.471704 
 169.1 71.0 0.181961 19.714603 -9.501822 
 169.9 268.0 0.361555 19.913870 -9.502246 
 17.3 169.5 0.488912 18.940325 -9.214808 
 17.9 2.7 0.280280 18.701834 -9.220057 
 170.2 192.2 0.367822 18.615543 -9.522378 
 170.3 92.3 0.350927 19.040110 -9.517218 
 171.0 334.5 0.807950 21.210789 -9.790214 
 171.7 152.7 0.454667 19.343889 -9.520343 
 174.2 145.8 0.208102 20.236479 -9.523470 
 174.3 210.1 0.229617 20.771982 -9.516105 
 176.8 63.6 0.221408 20.901487 -9.521440 
 177.6 204.0 0.260778 18.103754 -9.560366 
 18.0 185.3 0.418306 19.612856 -9.205461 
 18.1 145.3 0.321455 19.921360 -9.202391 
 18.2 359.2 0.138451 20.322557 -9.199330 
 18.7 101.4 0.274146 19.798248 -9.203379 
 18.7 152.5 0.286413 19.940895 -9.201280 
 18.7 210.9 0.289877 18.963428 -9.214715 
 18.7 58.2 0.167778 21.300461 -9.184387 
 19.8 102.0 0.472841 19.625509 -9.199865 
 20.1 93.4 0.318471 19.562841 -9.201668 
 20.6 311.4 0.180039 20.022383 -9.195181 
 20.8 23.6 0.218296 20.004768 -9.193760 
 20.9 219.3 0.289640 20.685833 -9.183144 
 21.0 257.2 0.361538 19.060024 -9.203695 
 21.1 54.8 0.425927 19.895576 -9.191140 
 21.2 316.6 0.370339 18.888191 -9.204993 
 21.6 298.3 0.263787 20.728437 -9.179247 
 21.7 358.9 0.116443 20.142879 -9.188990 
 21.9 354.9 0.342702 16.986296 -9.227757 
 22.4 68.1 0.396944 19.926298 -9.183559 
 22.7 269.7 0.131758 20.136356 -9.182269 
 22.8 302.3 0.076033 20.898996 -9.172162 
 23.2 81.2 0.353696 19.954182 -9.177986 
 23.9 41.1 0.431625 19.349197 -9.179306 
 24.1 27.7 0.339621 19.213699 -9.181172 
 25.0 217.8 0.368518 19.423496 -9.169196 
 25.1 252.2 0.129162 19.835852 -9.165707 
 25.3 207.7 0.473939 20.377548 -9.151603 
 25.3 76.4 0.430540 19.608273 -9.163258 
 25.4 147.4 0.286046 19.773912 -9.161880 
 25.5 23.5 0.320892 20.277065 -9.152691 
 25.6 300.9 0.244322 19.874729 -9.158793 
 25.7 284.4 0.270721 19.961906 -9.155351 
 25.7 310.7 0.322508 19.576624 -9.160484 
 25.9 261.5 0.281695 20.952597 -9.139716 
 26.3 185.0 0.320275 18.327845 -9.170744 
 26.3 198.4 0.375022 19.471912 -9.154652 
 26.4 226.6 0.260553 19.437252 -9.154532 
 26.7 289.7 0.429956 18.280560 -9.165346 
 26.7 42.4 0.064155 19.363001 -9.154610 
 26.9 123.6 0.267970 19.369143 -9.149778 
 27.5 91.8 0.279516 20.290550 -9.128973 
 27.7 187.7 0.392569 19.575682 -9.135045 
 27.8 139.5 0.174677 20.074108 -9.129405 
 27.9 325.0 0.177522 19.334366 -9.137621 
 28.4 195.4 0.252300 19.755135 -9.124437 
 28.4 255.8 0.405607 19.837126 -9.120001 
 28.5 19.4 0.302011 19.915852 -9.119465 
 29.0 70.2 0.335959 19.526155 -9.117178 
 29.2 283.4 0.327048 19.268009 -9.117631 
 29.2 331.9 0.169246 19.894098 -9.111219 
 29.5 180.7 0.420859 19.325928 -9.110177 
 29.5 281.3 0.132061 21.537531 -9.083358 
 30.1 193.2 0.053319 20.835175 -9.084101 
 30.5 185.8 0.349203 19.928129 -9.085341 
 30.5 222.1 0.250404 22.173700 -9.055148 
 30.5 224.9 0.428199 20.042088 -9.082732 
 30.7 288.4 0.189189 19.953724 -9.082883 
 30.7 74.1 -0.022064 21.133802 -9.070198 
 30.9 258.8 0.236348 19.792784 -9.081438 
 30.9 310.1 0.479556 20.127115 -9.072474 
 31.1 321.0 0.312288 18.957897 -9.087254 
 31.5 202.1 0.154066 19.733055 -9.072048 
 31.5 270.3 0.067925 19.101944 -9.081758 
 32.0 175.8 0.470651 19.055389 -9.067067 
 32.5 233.9 0.220083 20.840040 -9.035636 
 33.7 88.4 0.298387 19.752550 -9.022710 
 33.9 35.7 0.439790 17.712076 -9.042784 
 34.0 84.2 0.407217 20.818314 -8.999872 
 34.1 263.7 0.326686 18.541750 -9.029956 
 34.2 246.3 0.280007 20.596478 -8.999968 
 34.3 320.1 0.055844 21.154469 -8.993381 
 34.4 170.2 0.051847 20.103861 -9.003884 
 34.6 46.2 0.498106 19.300251 -9.003647 
 34.8 261.9 0.392629 18.832035 -9.008399 
 35.1 59.0 0.291890 20.319372 -8.981441 
 36.2 336.2 0.184576 20.692015 -8.949125 
 37.1 105.0 0.320691 18.578424 -8.951577 
 37.7 306.6 0.262677 19.966530 -8.918682 
 38.0 167.4 0.242389 19.632507 -8.912817 
 38.5 188.0 0.361157 19.992794 -8.893100 
 38.9 302.7 0.156649 19.708282 -8.887712 
 39.5 157.0 0.369929 19.799503 -8.866288 
 39.6 285.4 0.041801 21.611229 -8.844082 
 40.0 23.4 0.183055 19.039528 -8.863301 
 40.4 133.6 0.184470 19.491890 -8.846167 
 40.4 34.6 0.401924 19.159883 -8.848515 
 40.4 340.9 0.360093 18.825743 -8.850877 
 40.7 110.2 0.297448 18.871914 -8.843320 
 40.9 285.3 0.534079 18.971432 -8.832005 
 41.0 48.3 0.246674 18.927526 -8.835314 
 41.0 66.9 0.404477 18.709042 -8.834945 
 41.0 85.5 0.228054 19.637016 -8.825498 
 41.5 150.0 0.349998 19.606831 -8.808917 
 41.6 196.2 0.280461 19.851957 -8.802881 
 41.6 282.0 0.228807 19.377115 -8.810748 
 41.8 333.4 0.288692 20.103806 -8.791000 
 42.0 182.4 0.367315 19.608906 -8.791792 
 42.5 344.0 0.278920 20.830502 -8.759787 
 42.7 243.7 0.299967 20.480293 -8.758616 
 42.8 176.7 0.429582 19.628597 -8.763757 
 43.0 211.0 0.257225 20.517656 -8.748767 
 43.4 127.2 0.220463 18.728567 -8.760804 
 43.5 308.5 0.303411 19.783554 -8.741980 
 43.7 271.8 0.172446 21.912884 -8.705988 
 44.1 97.7 0.409765 20.382996 -8.710459 
 44.2 256.7 0.312712 19.047457 -8.728148 
 44.3 357.7 0.268843 20.241949 -8.707500 
 44.3 6.1 0.331381 18.958780 -8.725769 
 44.4 216.4 0.129378 21.607792 -8.687657 
 44.4 58.2 0.071391 21.535683 -8.689211 
 44.7 134.8 0.314877 20.234877 -8.696522 
 44.7 255.8 0.349095 18.487469 -8.719552 
 45.0 160.4 0.371629 19.604944 -8.692802 
 45.3 153.9 0.117868 21.793863 -8.655493 
 45.8 128.7 0.397972 18.094751 -8.687508 
 45.8 241.6 0.262031 21.853823 -8.636478 
 45.9 111.3 0.355170 19.654945 -8.660927 
 46.0 246.7 0.196935 19.715708 -8.658658 
 46.6 177.5 0.297285 19.346148 -8.641892 
 46.7 21.5 0.310781 19.460762 -8.637115 
 47.6 287.0 0.346438 19.762814 -8.601319 
 47.7 280.1 0.197604 21.444475 -8.578437 
 47.8 90.5 0.079481 20.936327 -8.584686 
 48.0 334.3 0.417809 19.414377 -8.594074 
 48.3 203.1 0.230170 21.344027 -8.558429 
 48.4 198.2 0.387240 19.425089 -8.579713 
 48.5 127.0 0.416367 19.021124 -8.582792 
 48.5 255.5 0.328027 18.944984 -8.583163 
 48.6 166.6 0.472043 17.656467 -8.597071 
 48.9 260.2 0.400528 20.093987 -8.554829 
 49.0 60.2 0.236592 20.938694 -8.542304 
 49.2 300.5 0.266508 19.634041 -8.552670 
 49.3 38.2 0.202863 20.346500 -8.539457 
 49.6 315.9 0.135793 20.711525 -8.524886 
 49.6 334.8 0.277912 20.700521 -8.524236 
 5.8 179.3 0.513896 19.343616 -9.193972 
 5.8 347.8 0.213006 19.607870 -9.194539 
 50.0 242.5 0.316964 19.474314 -8.524301 
 50.1 178.6 0.163775 20.382938 -8.513024 
 50.1 52.5 0.252977 19.663725 -8.521383 
 50.8 300.9 0.299846 18.197271 -8.516594 
 50.9 236.6 0.260401 19.975538 -8.488874 
 51.0 168.7 0.247177 19.491282 -8.494190 
 51.7 216.1 0.264278 20.059948 -8.461489 
 51.9 209.5 0.312313 20.729687 -8.446428 
 51.9 38.1 0.270710 19.281855 -8.465603 
 52.0 295.6 0.378104 19.148712 -8.462494 
 52.1 224.2 0.232855 20.186731 -8.445542 
 52.8 281.9 0.154712 20.624041 -8.418323 
 52.8 284.6 0.202566 20.951536 -8.413328 
 52.8 353.9 0.168108 19.202711 -8.438652 
 53.4 153.1 0.380689 19.960077 -8.404270 
 53.6 135.9 0.319617 20.224068 -8.395536 
 54.2 273.7 0.453440 20.020470 -8.378617 
 54.3 121.7 0.085146 20.391294 -8.373338 
 54.4 289.4 0.316990 19.230831 -8.383321 
 54.9 156.1 0.398757 19.957907 -8.358345 
 55.3 321.1 0.121935 20.009600 -8.347564 
 55.5 277.2 0.285484 20.331141 -8.334367 
 55.5 66.7 0.230530 19.623440 -8.345923 
 55.7 90.4 0.275582 18.836103 -8.350394 
 55.9 6.8 0.219327 20.482372 -8.322013 
 55.9 61.2 0.086957 19.121874 -8.343564 
 56.0 29.4 0.348166 19.128006 -8.336232 
 56.1 0.6 0.053438 20.344778 -8.320511 
 56.3 4.6 0.368890 18.869638 -8.329063 
 56.4 252.4 0.056598 21.638010 -8.294534 
 57.0 5.5 0.371458 20.339832 -8.289776 
 57.3 234.8 0.175189 19.718195 -8.289679 
 57.4 320.3 0.227016 21.181076 -8.266501 
 57.8 23.5 0.182529 19.390276 -8.282006 
 58.0 126.0 0.250623 19.946112 -8.267244 
 58.2 132.4 0.233624 21.949867 -8.233166 
 58.2 341.5 0.331016 20.672897 -8.250278 
 58.4 175.3 0.374402 19.392611 -8.261877 
 58.5 306.8 0.404277 19.094812 -8.262708 
 58.8 214.6 0.198248 19.045912 -8.257171 
 59.3 340.4 0.213714 19.766226 -8.234095 
 59.4 224.5 0.280068 19.533167 -8.233619 
 59.7 274.7 0.203844 21.156658 -8.203772 
 59.8 324.0 0.277788 19.316936 -8.224646 
 6.4 174.4 0.388851 19.852484 -9.189923 
 60.1 112.0 0.240455 19.193974 -8.218086 
 60.1 305.5 0.284828 20.512300 -8.201301 
 60.2 208.0 0.135334 20.203270 -8.204727 
 60.3 211.5 0.199210 20.894638 -8.190908 
 60.6 305.8 0.261310 21.072763 -8.178620 
 60.8 234.5 0.178277 19.401775 -8.198466 
 60.8 267.0 0.315800 17.657026 -8.221089 
 60.8 271.5 0.559122 20.191288 -8.182536 
 61.0 188.3 0.338290 19.364832 -8.192221 
 61.1 305.0 0.464767 17.047066 -8.218599 
 61.4 190.4 0.188234 20.392033 -8.168360 
 61.5 125.2 0.038660 20.862169 -8.163038 
 61.5 272.1 0.360959 19.538944 -8.177278 
 61.6 146.5 0.178589 19.741465 -8.173204 
 62.0 177.1 0.242374 17.577896 -8.191424 
 62.0 349.9 0.261750 19.988087 -8.158392 
 62.1 183.1 0.133807 19.717735 -8.161861 
 62.3 46.4 0.230273 19.014414 -8.165186 
 62.4 321.6 0.398109 18.429581 -8.169843 
 62.5 148.6 0.325767 19.990334 -8.145221 
 62.5 267.3 0.353084 19.416346 -8.152298 
 62.6 122.4 0.257142 20.299986 -8.139172 
 62.6 20.1 0.257518 18.659954 -8.162771 
 62.8 184.9 0.264818 19.042444 -8.153008 
 62.8 341.4 0.228938 20.702719 -8.129825 
 63.0 246.4 0.357296 19.189480 -8.145151 
 63.4 94.2 0.199208 18.715353 -8.143677 
 63.5 115.7 0.155230 19.591265 -8.129983 
 63.6 182.8 0.086533 20.139780 -8.121169 
 63.9 49.4 0.200832 21.430622 -8.095342 
 64.1 36.5 0.329794 19.236904 -8.119502 
 64.2 102.3 0.305265 19.772470 -8.109508 
 64.2 325.5 0.340961 19.487103 -8.113919 
 64.3 357.6 0.278024 20.561714 -8.096510 
 64.4 29.9 0.098635 20.851793 -8.094132 
 64.4 54.1 0.168112 21.022316 -8.090347 
 64.5 74.3 0.457603 18.912270 -8.113425 
 64.7 179.2 0.329029 18.471645 -8.115718 
 64.9 41.0 0.141094 20.325478 -8.088525 
 64.9 72.6 0.261975 19.496178 -8.099021 
 65.2 26.0 0.369266 18.967564 -8.098296 
 65.2 79.7 0.188977 22.214367 -8.056336 
 65.4 127.1 0.188996 20.390905 -8.076195 
 65.7 352.5 0.272414 21.040974 -8.060226 
 65.9 120.8 0.100897 19.967152 -8.073850 
 65.9 278.1 0.447529 18.413275 -8.089747 
 66.2 93.6 0.357533 20.450424 -8.057335 
 66.3 186.3 0.001029 22.131350 -8.038407 
 66.6 172.4 0.179119 20.001257 -8.058480 
 66.7 267.2 0.241317 19.643547 -8.059875 
 66.7 305.1 0.256945 19.823694 -8.057418 
 66.7 67.8 0.188387 20.091211 -8.055660 
 66.9 15.3 0.300913 19.445875 -8.057650 
 66.9 166.6 0.270301 18.722397 -8.069193 
 66.9 202.2 0.301216 18.636217 -8.068461 
 67.0 149.2 0.142213 21.650820 -8.028194 
 67.2 151.4 0.218630 21.063259 -8.030910 
 67.4 310.1 0.186784 20.970621 -8.030259 
 67.6 269.8 0.269284 19.695614 -8.042660 
 67.7 177.2 0.088918 19.229433 -8.049150 
 67.8 20.5 0.188650 21.399761 -8.016045 
 68.0 255.8 0.262201 20.189743 -8.028636 
 68.2 237.0 0.389346 19.988823 -8.024463 
 68.6 219.9 0.212414 19.679737 -8.024988 
 68.6 74.6 0.152617 20.542755 -8.012875 
 68.8 316.1 0.364864 18.820614 -8.029878 
 69.1 295.9 0.261325 20.755478 -8.001272 
 69.1 309.6 0.292897 19.208660 -8.020344 
 69.1 332.4 0.388438 19.781622 -8.011519 
 69.2 230.7 0.225481 19.615837 -8.015221 
 69.3 271.6 0.124035 21.257225 -7.991584 
 69.4 291.6 0.544215 17.434145 -8.036471 
 69.5 289.1 0.213507 19.286848 -8.013911 
 69.6 290.8 0.167370 18.754057 -8.020274 
 69.7 136.3 0.454675 20.415255 -7.992448 
 69.9 131.8 0.276806 19.864590 -7.998962 
 7.2 115.8 0.600367 17.652735 -9.218595 
 7.8 339.7 0.284738 18.947115 -9.206627 
 70.0 83.5 0.327860 19.858883 -7.995880 
 70.1 226.3 0.253330 21.452072 -7.974569 
 70.2 149.1 0.079260 22.353588 -7.963162 
 70.3 246.6 0.225018 20.313816 -7.986712 
 70.4 154.8 0.246004 20.775839 -7.978507 
 70.5 73.0 0.155419 18.560694 -8.008024 
 70.8 15.1 0.237365 19.596010 -7.989294 
 71.3 216.8 0.239737 18.622200 -7.993576 
 71.4 118.4 0.245156 18.663092 -7.992348 
 71.5 60.4 0.206809 20.624702 -7.964468 
 71.8 100.5 0.406981 17.669237 -7.997498 
 72.0 156.5 0.238093 20.571270 -7.956328 
 72.0 316.9 0.161636 20.432224 -7.960482 
 72.1 171.3 0.298315 19.308853 -7.972102 
 72.2 316.4 0.429895 17.934454 -7.987658 
 72.4 146.2 0.392618 16.683981 -8.002560 
 72.7 237.1 0.291679 18.197630 -7.978709 
 72.8 250.7 0.081332 21.450171 -7.935646 
 73.6 53.6 0.196246 20.984367 -7.928599 
 73.8 242.3 0.295178 19.505882 -7.945442 
 74.1 226.1 0.230578 18.781328 -7.951943 
 74.2 193.7 0.019163 21.631268 -7.914132 
 74.3 345.8 0.142719 20.102013 -7.932563 
 74.3 9.3 0.382825 19.045292 -7.943511 
 74.6 18.2 0.056597 20.639133 -7.922621 
 74.7 13.3 0.417349 18.692535 -7.942267 
 74.9 213.7 0.376556 20.392693 -7.918053 
 75.0 304.2 0.219752 19.480701 -7.931425 
 75.2 307.1 0.136531 19.863272 -7.924048 
 75.4 243.6 0.227781 20.804928 -7.908069 
 75.4 27.1 0.342236 19.584894 -7.922237 
 75.6 189.5 0.293934 20.349930 -7.910995 
 75.8 86.1 0.240103 20.342325 -7.908942 
 76.1 23.7 0.080851 21.135612 -7.896885 
 76.2 230.1 0.315470 19.940859 -7.908904 
 76.2 284.2 0.368773 18.609507 -7.926325 
 76.3 256.7 0.362280 21.117571 -7.890350 
 76.5 316.8 0.367508 18.674294 -7.921603 
 76.7 265.2 0.107537 19.338341 -7.913589 
 76.8 118.1 0.123998 20.832361 -7.892203 
 76.8 159.8 0.144566 19.904924 -7.904477 
 76.9 343.9 0.033930 18.523375 -7.923389 
 77.1 69.1 0.301094 19.228094 -7.907520 
 77.3 2.2 0.473188 19.280483 -7.902536 
 77.4 151.6 0.254620 19.057278 -7.907500 
 77.5 333.4 0.216001 21.284098 -7.876327 
 77.5 340.3 0.035968 20.308702 -7.891818 
 77.5 85.4 0.279323 20.665623 -7.884381 
 77.6 333.1 0.063602 20.233168 -7.891832 
 77.7 236.0 0.182629 20.568663 -7.884089 
 77.7 254.3 0.330303 19.069044 -7.903217 
 77.8 294.6 0.409109 19.313713 -7.897182 
 77.8 76.1 0.281812 19.612135 -7.895117 
 78.2 36.9 0.216553 20.871265 -7.873555 
 78.7 132.3 0.385196 21.166710 -7.861948 
 78.7 222.3 0.278207 20.528509 -7.872137 
 78.8 2.7 0.225582 19.789627 -7.881814 
 78.8 311.6 0.318580 21.375311 -7.859523 
 78.9 30.7 0.241292 19.013948 -7.891724 
 78.9 77.6 0.240214 19.814470 -7.880526 
 79.3 220.4 0.387859 19.938332 -7.872317 
 79.3 354.6 0.322545 19.695530 -7.876111 
 79.4 102.9 0.349465 18.158854 -7.896473 
 79.6 262.0 0.129149 21.955601 -7.845149 
 79.8 105.4 0.173579 19.429981 -7.877283 
 79.8 306.4 0.151852 21.872974 -7.843901 
 79.9 152.7 0.195023 19.555727 -7.873835 
 79.9 273.7 0.202863 19.320602 -7.877401 
 79.9 314.2 0.256311 19.109922 -7.879025 
 8.1 78.8 0.161021 20.372120 -9.189384 
 80.2 22.5 0.195569 18.401293 -7.886705 
 80.2 30.8 0.181719 19.825516 -7.866927 
 80.5 143.3 0.149201 20.990046 -7.848676 
 80.5 151.7 0.267025 19.145073 -7.872104 
 80.6 7.0 0.256003 20.729280 -7.850147 
 80.7 31.0 0.275687 20.029802 -7.857503 
 80.8 176.3 0.062075 19.937222 -7.860933 
 81.1 183.3 0.109912 20.750643 -7.846636 
 81.1 249.3 0.059743 18.741848 -7.873981 
 81.1 277.3 0.112883 20.960646 -7.843645 
 81.1 319.6 0.226548 19.251034 -7.865185 
 81.2 170.1 0.236175 21.893843 -7.827666 
 81.5 200.0 0.194558 23.024792 -7.809968 
 81.5 229.6 0.154076 20.516125 -7.844438 
 81.5 96.9 0.395187 16.870825 -7.891042 
 81.6 203.8 0.219608 19.491821 -7.856347 
 81.8 116.8 0.338393 20.047813 -7.845499 
 81.8 24.1 0.289108 19.419149 -7.854593 
 82.1 150.9 0.166813 20.116121 -7.843588 
 82.1 269.9 0.518494 19.163397 -7.852193 
 82.2 158.9 0.226105 19.851864 -7.845387 
 82.2 55.2 0.131306 21.118092 -7.829841 
 82.4 131.5 0.152159 19.352762 -7.851381 
 82.4 25.1 0.131851 21.359661 -7.823956 
 82.9 107.5 0.111415 20.049994 -7.837114 
 82.9 131.9 0.355525 19.469124 -7.841826 
 82.9 34.0 0.193261 19.883560 -7.839140 
 83.0 85.8 0.309007 21.488834 -7.813797 
 83.1 183.3 0.368953 19.695412 -7.836879 
 83.1 202.3 0.147039 20.772078 -7.824785 
 83.2 308.5 0.474782 18.362030 -7.852443 
 83.6 34.1 0.237715 19.134333 -7.841075 
 83.7 122.2 0.245298 19.801456 -7.831578 
 83.7 272.7 0.389163 18.750357 -7.843572 
 83.8 195.4 0.322080 19.032558 -7.839405 
 83.8 224.1 0.059437 21.241423 -7.813065 
 83.9 188.9 0.265046 18.774826 -7.842761 
 84.0 338.1 0.264485 19.700708 -7.829511 
 84.0 6.3 0.241694 20.202080 -7.822477 
 84.2 257.2 0.144092 20.527966 -7.817381 
 84.3 134.1 0.268892 19.415840 -7.830706 
 84.3 166.1 0.338823 17.840370 -7.850342 
 84.3 260.1 0.217339 21.052639 -7.808286 
 84.3 38.2 0.147413 19.904902 -7.824860 
 84.3 99.6 0.082577 19.391861 -7.833360 
 84.4 265.4 0.315600 19.058187 -7.833628 
 84.4 318.0 0.379625 19.316599 -7.829639 
 84.5 152.2 0.259017 19.405994 -7.828664 
 84.7 327.5 0.121740 21.333361 -7.802459 
 84.8 153.2 0.402414 19.069954 -7.828735 
 84.8 179.3 0.173105 21.642633 -7.796875 
 84.8 282.3 0.273730 20.366211 -7.812716 
 84.9 8.9 0.252045 21.442795 -7.796907 
 85.0 134.7 0.468638 19.796154 -7.815691 
 85.2 152.1 0.274443 19.593103 -7.818622 
 85.2 62.4 0.123993 20.032457 -7.815210 
 85.3 155.7 0.172970 19.844696 -7.816509 
 85.3 202.2 0.150746 19.101429 -7.826076 
 85.8 214.8 0.434398 20.265732 -7.801912 
 85.8 248.2 0.221563 19.969847 -7.808674 
 85.8 251.4 0.333421 20.131777 -7.805007 
 86.0 255.0 0.358119 19.271755 -7.814731 
 86.1 111.0 0.290512 20.133730 -7.803316 
 86.1 118.6 0.300311 19.338980 -7.813827 
 86.1 218.5 0.148407 21.089188 -7.791287 
 86.2 41.8 0.133514 20.434246 -7.800138 
 86.4 21.0 0.065455 20.942785 -7.792209 
 86.6 211.4 0.338414 19.535698 -7.805730 
 86.6 78.8 0.297184 20.696220 -7.790239 
 86.9 156.8 0.430436 19.768150 -7.798480 
 87.3 299.0 0.462473 19.785561 -7.793793 
 87.3 52.8 0.229864 19.373478 -7.802225 
 87.4 232.3 0.222192 19.690504 -7.797094 
 87.5 111.8 0.109758 21.556242 -7.772740 
 87.5 95.3 0.010809 18.938093 -7.809284 
 87.7 258.6 0.483754 18.641989 -7.805264 
 88.3 344.1 0.147481 20.508890 -7.779234 
 88.5 291.5 0.047884 20.693125 -7.775548 
 88.8 295.3 0.189932 20.568794 -7.772293 
 88.9 343.7 0.117033 20.173077 -7.777797 
 89.0 96.3 0.152683 20.381783 -7.773813 
 89.2 111.9 0.167522 19.144859 -7.788461 
 89.2 171.3 0.340827 19.153183 -7.786415 
 89.5 101.4 0.408580 17.954275 -7.798928 
 89.6 211.6 0.192106 18.661291 -7.791529 
 89.7 21.6 0.213744 18.934662 -7.786211 
 89.8 57.5 0.285333 20.740355 -7.759650 
 89.9 204.1 0.340673 20.075542 -7.766650 
 89.9 249.5 0.157847 19.257793 -7.780439 
 90.1 324.1 0.162337 21.137114 -7.753489 
 90.2 227.1 0.319215 19.832346 -7.767879 
 90.3 161.2 0.369375 19.564529 -7.770330 
 90.5 208.7 0.339683 19.381491 -7.771055 
 90.5 217.7 0.369452 18.922626 -7.776658 
 90.7 261.1 0.432958 18.899460 -7.774395 
 90.8 259.7 0.339811 19.743299 -7.763088 
 90.9 289.7 0.329773 18.529510 -7.778785 
 91.2 102.5 0.279034 20.075630 -7.756133 
 91.4 118.2 0.112756 21.432068 -7.737762 
 91.5 150.9 0.319699 19.078363 -7.766268 
 91.5 19.3 0.395009 20.052258 -7.751606 
 91.6 83.7 0.482180 19.998062 -7.750592 
 91.9 192.6 0.194940 21.547922 -7.730309 
 92.1 326.1 0.139764 20.076365 -7.750155 
 92.2 226.9 0.292345 19.082058 -7.760162 
 92.3 121.5 0.179241 19.147858 -7.760000 
 92.3 180.2 0.361548 18.228350 -7.770527 
 92.4 321.6 0.097278 20.323458 -7.744476 
 92.4 357.5 0.246419 21.442106 -7.727250 
 92.6 118.4 0.302737 20.112326 -7.742525 
 92.7 10.2 0.192040 19.493752 -7.751486 
 92.7 139.0 0.037017 20.182219 -7.744559 
 92.7 357.9 0.307749 20.659222 -7.733870 
 92.8 321.4 0.444325 18.971125 -7.754154 
 93.1 134.3 0.291769 19.052979 -7.753043 
 93.1 195.9 0.284683 17.844217 -7.769183 
 93.2 143.8 0.187094 20.621675 -7.732378 
 93.6 175.9 0.233879 20.148794 -7.733924 
 93.9 220.2 0.277534 21.728218 -7.709409 
 93.9 67.3 0.333075 20.667744 -7.723483 
 94.0 154.3 0.250988 19.537373 -7.738797 
 94.0 181.4 0.380634 20.914179 -7.718801 
 94.2 248.3 0.095237 20.568863 -7.724982 
 94.3 274.3 0.428022 21.435137 -7.708166 
 94.4 71.4 0.309121 19.699753 -7.732478 
 94.8 11.1 0.162955 20.743727 -7.716866 
 94.8 246.7 0.072421 21.268934 -7.711181 
 94.8 334.9 0.000384 19.910835 -7.730629 
 95.2 60.9 0.229035 19.840763 -7.725275 
 95.3 92.7 0.129736 21.077042 -7.709153 
 95.4 198.7 0.309130 21.087793 -7.705601 
 95.7 260.5 0.020596 21.814867 -7.696641 
 95.8 183.2 0.286731 19.543180 -7.723106 
 95.8 63.2 0.144289 20.286446 -7.715453 
 96.0 225.4 0.272734 18.905684 -7.730850 
 96.0 46.2 0.156479 20.492002 -7.710502 
 96.4 245.0 0.197608 19.921705 -7.714558 
 96.4 63.5 0.181515 20.069548 -7.713349 
 96.5 64.2 0.275659 19.349461 -7.721097 
 96.7 156.5 0.127493 19.242638 -7.722767 
 96.7 236.0 0.364074 20.630306 -7.701001 
 96.9 83.0 0.086538 19.284107 -7.721075 
 97.1 244.6 0.213885 19.898430 -7.709468 
 97.3 141.5 0.088191 19.501308 -7.715473 
 97.3 277.5 0.176698 19.398079 -7.715369 
 97.5 87.1 0.554786 19.330008 -7.709651 
 97.7 314.0 0.326581 18.667208 -7.720477 
 98.0 354.0 0.169838 19.273695 -7.712778 
 98.1 84.0 0.331291 20.306196 -7.695804 
 98.2 207.6 0.224804 20.345085 -7.696129 
 98.3 120.6 0.272548 20.209024 -7.696109 
 98.3 217.6 0.359239 19.764503 -7.701519 
 98.3 32.0 0.401855 18.792002 -7.713681 
 98.4 243.2 0.381483 18.415491 -7.718866 
 98.5 77.7 0.218906 19.683493 -7.703094 
 99.0 287.4 0.360936 19.799963 -7.696366 
 99.2 141.8 0.229395 19.009338 -7.707337 
 99.2 253.8 0.294539 18.970255 -7.707382 
 99.8 22.2 0.312976 18.903423 -7.704222 
 99.9 51.5 0.226540 20.990002 -7.676757 
 99.9 51.5 0.226540 20.990002 -7.676757 
 